
$orca_hessian_file

$act_atom
  3

$act_coord
  2

$act_energy
      -77.314406

$hessian
12
                    0                  1                  2                  3                  4        
    0      1.5393460675E+00   5.1549008610E-10   1.2272224964E-08  -1.1282688056E+00   2.0839919764E-08
    1      5.1549008610E-10   4.7780422534E-02  -7.5125447365E-09  -1.6185596830E-09  -2.7396375532E-02
    2      1.2272224964E-08  -7.5125447365E-09   4.7780402517E-02   3.3672294145E-08   6.7124691820E-09
    3     -1.1282688056E+00  -1.6185596830E-09   3.3672294145E-08   1.5394098194E+00  -5.1748538773E-09
    4      2.0839919764E-08  -2.7396375532E-02   6.7124691820E-09  -5.1748538773E-09   4.7780432601E-02
    5      5.2601305260E-08  -1.4736266742E-08  -2.7396366899E-02  -4.4138707035E-08   3.1443746705E-09
    6     -4.1682287318E-01  -4.2140621147E-08  -5.8149886338E-08   5.6981080143E-03   6.5836601974E-09
    7     -9.7413689365E-10  -2.3797188356E-02  -7.9303785151E-09  -1.6430700106E-09   3.3025062803E-03
    8      1.3354190100E-08  -1.9424945430E-09  -2.3797170326E-02  -2.7346710738E-08   7.5192904092E-09
    9      5.8070564038E-03   4.3394049544E-08   1.1250328922E-09  -4.1675375804E-01  -1.6933917309E-08
   10      2.2450113419E-08   3.3024819065E-03   3.0202892891E-09   2.3547018616E-08  -2.3797176229E-02
   11     -1.9437051751E-08   2.9708155985E-09   3.3024900326E-03  -2.0345443435E-09   5.9170421655E-09
                    5                  6                  7                  8                  9        
    0      5.2601305260E-08  -4.1682287318E-01  -9.7413689365E-10   1.3354190100E-08   5.8070564038E-03
    1     -1.4736266742E-08  -4.2140621147E-08  -2.3797188356E-02  -1.9424945430E-09   4.3394049544E-08
    2     -2.7396366899E-02  -5.8149886338E-08  -7.9303785151E-09  -2.3797170326E-02   1.1250328922E-09
    3     -4.4138707035E-08   5.6981080143E-03  -1.6430700106E-09  -2.7346710738E-08  -4.1675375804E-01
    4      3.1443746705E-09   6.5836601974E-09   3.3025062803E-03   7.5192904092E-09  -1.6933917309E-08
    5      4.7780428265E-02   2.2225772900E-08   1.1451672696E-08   3.3024923518E-03  -1.4495767005E-08
    6      2.2225772900E-08   4.1071909598E-01  -9.5967529053E-09  -6.6254513015E-10   2.4316467080E-04
    7      1.1451672696E-08  -9.5967529053E-09   1.5218769601E-02  -1.0156924068E-08   5.1578223236E-09
    8      3.3024923518E-03  -6.6254513015E-10  -1.0156924068E-08   1.5218763557E-02   9.7001717058E-09
    9     -1.4495767005E-08   2.4316467080E-04   5.1578223236E-09   9.7001717058E-09   4.1071923265E-01
   10      9.5472632347E-09   5.5688526617E-09   5.3865541959E-03   9.7174278219E-10  -5.0019534787E-08
   11     -2.3797180700E-02   1.7743818142E-08   3.3912761324E-09   5.3865514107E-03   3.4726394815E-09
                   10                 11        
     0      2.2450113419E-08  -1.9437051751E-08
     1      3.3024819065E-03   2.9708155985E-09
     2      3.0202892891E-09   3.3024900326E-03
     3      2.3547018616E-08  -2.0345443435E-09
     4     -2.3797176229E-02   5.9170421655E-09
     5      9.5472632347E-09  -2.3797180700E-02
     6      5.5688526617E-09   1.7743818142E-08
     7      5.3865541959E-03   3.3912761324E-09
     8      9.7174278219E-10   5.3865514107E-03
     9     -5.0019534787E-08   3.4726394815E-09
    10      1.5218770731E-02  -1.2367426095E-08
    11     -1.2367426095E-08   1.5218773919E-02

$vibrational_frequencies
12
    0        0.000000
    1        0.000000
    2        0.000000
    3        0.000000
    4        0.000000
    5      649.980265
    6      649.980541
    7      764.846587
    8      764.846925
    9     2068.778034
   10     3417.215407
   11     3514.121346

$normal_modes
12 12
                    0                  1                  2                  3                  4        
    0      0.0000000000E+00   0.0000000000E+00   0.0000000000E+00   0.0000000000E+00   0.0000000000E+00
    1      0.0000000000E+00   0.0000000000E+00   0.0000000000E+00   0.0000000000E+00   0.0000000000E+00
    2      0.0000000000E+00   0.0000000000E+00   0.0000000000E+00   0.0000000000E+00   0.0000000000E+00
    3      0.0000000000E+00   0.0000000000E+00   0.0000000000E+00   0.0000000000E+00   0.0000000000E+00
    4      0.0000000000E+00   0.0000000000E+00   0.0000000000E+00   0.0000000000E+00   0.0000000000E+00
    5      0.0000000000E+00   0.0000000000E+00   0.0000000000E+00   0.0000000000E+00   0.0000000000E+00
    6      0.0000000000E+00   0.0000000000E+00   0.0000000000E+00   0.0000000000E+00   0.0000000000E+00
    7      0.0000000000E+00   0.0000000000E+00   0.0000000000E+00   0.0000000000E+00   0.0000000000E+00
    8      0.0000000000E+00   0.0000000000E+00   0.0000000000E+00   0.0000000000E+00   0.0000000000E+00
    9      0.0000000000E+00   0.0000000000E+00   0.0000000000E+00   0.0000000000E+00   0.0000000000E+00
   10      0.0000000000E+00   0.0000000000E+00   0.0000000000E+00   0.0000000000E+00   0.0000000000E+00
   11      0.0000000000E+00   0.0000000000E+00   0.0000000000E+00   0.0000000000E+00   0.0000000000E+00
                    5                  6                  7                  8                  9        
    0      4.7294782217E-09  -1.6221241463E-08   8.8057401473E-09   8.2286272289E-09   3.5707821303E-01
    1      1.0211150239E-01   1.2371113947E-01   3.6723524714E-02   4.6349761794E-02   4.7720106820E-09
    2      1.2371116741E-01  -1.0211160333E-01   4.6349705786E-02  -3.6723337082E-02  -1.4752194603E-08
    3     -8.2638388382E-09   1.2526131234E-08  -8.4838439491E-09   1.4977866346E-11  -3.5707130699E-01
    4     -1.0211157793E-01  -1.2371114567E-01   3.6723366959E-02   4.6349760804E-02  -1.9660665342E-08
    5     -1.2371111772E-01   1.0211147699E-01   4.6349816813E-02  -3.6723554590E-02   9.4784585324E-09
    6      1.5068041741E-09  -2.2386064384E-08   3.7570090858E-08  -1.5159838906E-08   6.1028468110E-01
    7     -4.3838584101E-01  -5.3111788438E-01  -4.3758496975E-01  -5.5228867598E-01   3.8294612422E-08
    8     -5.3111821737E-01   4.3838704382E-01  -5.5228843552E-01   4.3758416421E-01   9.6965790765E-08
    9      4.0607486863E-08   6.6415795492E-08  -4.1405701212E-08  -8.3068276966E-08  -6.1036697119E-01
   10      4.3838674114E-01   5.3111795830E-01  -4.3758429203E-01  -5.5228867117E-01   1.3911375178E-07
   11      5.3111762531E-01  -4.3838553833E-01  -5.5228891163E-01   4.3758509757E-01  -3.4125667804E-08
                   10                 11        
     0      5.9115572884E-02  -1.0041169273E-01
     1      6.0074029770E-10   2.0991120692E-09
     2      2.7193214133E-09   7.0470707051E-10
     3      5.9153811104E-02   1.0039408401E-01
     4     -7.2624692870E-09  -7.7060808552E-09
     5      2.1477994256E-09  -1.1118836643E-09
     6     -7.0454795091E-01   7.0004722816E-01
     7      1.6902763856E-08   1.1638466539E-08
     8     -3.0675905716E-08  -6.2496246632E-09
     9     -7.0471154421E-01  -6.9983740841E-01
    10      6.2476231075E-08   5.5172349025E-08
    11     -2.7319122454E-08   1.1101408461E-08

#
# The atoms: label  mass x y z (in bohrs)
#
$atoms
4
 C     12.01100      0.021880360390     0.000000011577    -0.000000009480
 C     12.01100      2.283585521408     0.000000014736     0.000000011488
 H      1.00800     -1.985914176358    -0.000000012628     0.000000002493
 H      1.00800      4.291380061328    -0.000000013686    -0.000000004501

$actual_temperature
  0.000000

$frequency_scale_factor
  1.000000

$dipole_derivatives
12
   -2.1671646878E-01   -4.9235116276E-09   -5.8398402501E-09
   -1.4377639487E-09   -2.3422757264E-01    1.2576026541E-09
    5.2016268528E-08    1.4306276693E-09   -2.3422758053E-01
   -2.1453053355E-01    3.0737430934E-09   -5.5651334512E-09
    1.6737827790E-08   -2.3422755048E-01    1.4472061384E-09
    6.9276758028E-08    1.4792059402E-09   -2.3422755508E-01
    2.1948009073E-01    5.2452455065E-09    6.0287900669E-09
   -2.3485987482E-08    2.3723437931E-01    7.9340904478E-07
   -4.3535004876E-08   -1.9938081203E-08    2.3723437706E-01
    2.1948012275E-01   -3.4593913920E-09    5.4220177076E-09
   -3.7130883589E-08    2.3723430598E-01    7.7462592015E-07
   -5.8075187844E-08   -2.0886935930E-08    2.3723430675E-01

#
# The IR spectrum
#  wavenumber T**2 TX TY  TY
#
$ir_spectrum
12
      0.00       0.0000       0.0000       0.0000       0.0000
      0.00       0.0000       0.0000       0.0000       0.0000
      0.00       0.0000       0.0000       0.0000       0.0000
      0.00       0.0000       0.0000       0.0000       0.0000
      0.00       0.0000       0.0000       0.0000       0.0000
    649.98       0.0000      -0.0000       0.0000      -0.0000
    649.98       0.0000       0.0000      -0.0000       0.0000
    764.85     117.7684       0.0000      -6.7393      -8.5059
    764.85     117.7677      -0.0000      -8.5059       6.7393
   2068.78       0.0002      -0.0128       0.0000       0.0000
   3417.22     100.7240     -10.0361       0.0000      -0.0000
   3514.12       0.0001       0.0076       0.0000       0.0000

$job_list
12
    0    1    1    1
    1    1    1    1
    2    1    1    1
    3    1    1    1


$end

